1||3:Camera 1 Disconnected;
2||;
3||;
4||;
5||CP4;
6||Crestron;
7||Controller;
8||Controller 1;
9||10.104.160.20;
10||c4.42.68.25.53.d;
11||CA-24-1-21-C;
12||2232JBH04134;
13||2.4508.00035;
14||WSU UniClinic Speech Pathology & Observation;
15||;
16||JB;
17||Core 110f;
18||QSC;
19||DSP;
20||DSP 1;
21||10.104.178.121;
22||00:00:00:00:00:00;
23||;
24||;
25||;
26||;
27||;
28||;
29||;
30||;
31||;
32||;
33||;
34||;
35||;
36||;
37||;
38||;
39||;
40||;
41||;
42||;
43||;
44||;
45||;
46||;
47||;
48||;
49||;
50||;
51||;
52||;
53||;
54||;
55||;
56||;
57||;
58||;
59||;
60||;
61||;
62||;
63||;
64||;
65||;
66||;
67||;
68||;
69||;
70||;
71||;
72||;
73||;
74||;
75||;
76||;
77||;
78||;
79||;
80||;
81||;
82||;
83||;
84||;
85||;
86||;
87||;
88||;
89||;
90||;
91||;
92||;
93||;
94||;
95||;
96||;
97||;
98||;
99||;
100||;
