1||;
2||Concept AV Australia;
3||Concept AV Australia;
4||TS-1070-B-S;
5||Crestron;
6||Touch Panel;
7||Touch Panel 1;
8||111.111.111.111;
9||00:00:00:00:00:00;
10||CA-24-1-51-TP;
11||;
12||;
13||CP4;
14||Crestron;
15||Controller;
16||Controller 1;
17||10.104.160.20;
18||c4.42.68.25.53.d;
19||CA-24-1-21-C;
20||2232JBH04134;
21||2.4508.00035;
22||WSU UniClinic Speech Pathology & Observation;
23||;
24||JB;
25||Core 110f;
26||QSC;
27||DSP;
28||DSP 1;
29||10.104.178.121;
30||00:00:00:00:00:00;
31||;
32||;
33||;
34||;
35||;
36||;
37||;
38||;
39||;
40||;
41||;
42||;
43||;
44||;
45||;
46||;
47||;
48||;
49||;
50||;
51||;
52||;
53||;
54||;
55||;
56||;
57||;
58||;
59||;
60||;
61||;
62||;
63||;
64||;
65||;
66||;
67||;
68||;
69||;
70||;
71||;
72||;
73||;
74||;
75||;
76||;
77||;
78||;
79||;
80||;
81||;
82||;
83||;
84||;
85||;
86||;
87||;
88||;
89||;
90||;
91||;
92||;
93||;
94||;
95||;
96||;
97||;
98||;
99||;
100||;
